1.000000000 0.000000000 0.000000000 0.000000000 0.000000000 1.000000000 0.000000000 0.000000000 0.000000000 0.000000000 1.000000000 0.000000000
0.999999464 -0.001011194 0.000312861 -0.000386920 0.001011429 0.999999225 -0.000752319 0.000233000 -0.000312100 0.000752635 0.999999642 0.000325871
0.999999523 -0.000540929 0.000778550 -0.000581458 0.000541560 0.999999523 -0.000809488 0.000181749 -0.000778111 0.000809910 0.999999344 0.000554366
0.999999464 -0.000328589 0.001010571 -0.000581630 0.000328880 0.999999881 -0.000287861 0.000032777 -0.001010476 0.000288194 0.999999464 0.000501047
0.999998331 -0.001683359 0.000709786 -0.000649064 0.001684147 0.999997973 -0.001111324 0.000119036 -0.000707914 0.001112517 0.999999106 0.000890042
0.999999821 -0.000526078 0.000211131 -0.000294092 0.000526192 0.999999702 -0.000538314 -0.000040495 -0.000210848 0.000538425 0.999999821 0.000554158
0.999999344 0.000064064 0.001159883 -0.000716757 -0.000063410 0.999999821 -0.000563638 -0.000047002 -0.001159919 0.000563564 0.999999166 0.000609012
0.999999106 -0.001169799 0.000647620 -0.000757562 0.001170136 0.999999166 -0.000519600 0.000109586 -0.000647011 0.000520358 0.999999642 0.000786598
0.999999702 -0.000348649 0.000723291 -0.000520165 0.000348790 0.999999940 -0.000194453 -0.000084517 -0.000723223 0.000194705 0.999999702 0.000470720
0.999999106 -0.001265423 0.000442632 -0.000365338 0.001265613 0.999999106 -0.000428549 0.000155705 -0.000442090 0.000429109 0.999999821 0.000485889
0.999999285 -0.001196041 0.000231546 -0.000222411 0.001196049 0.999999285 -0.000031717 0.000099605 -0.000231508 0.000031994 1.000000000 0.000454726
0.999999046 -0.000632584 0.001219013 -0.000575125 0.000632810 0.999999762 -0.000184965 0.000056180 -0.001218895 0.000185737 0.999999225 0.000480164
0.999998629 -0.000891705 0.001409085 -0.000788296 0.000892435 0.999999464 -0.000517796 0.000057551 -0.001408622 0.000519052 0.999998868 0.000645546
0.999999285 0.000679091 0.000961406 -0.000557693 -0.000679252 0.999999762 0.000166953 -0.000175796 -0.000961292 -0.000167606 0.999999523 0.000576280
0.999998868 -0.000052848 0.001507350 -0.000654877 0.000053535 0.999999881 -0.000455136 -0.000052728 -0.001507326 0.000455216 0.999998748 0.000502797
0.999998331 0.000323724 0.001808999 -0.000791827 -0.000323539 0.999999940 -0.000102749 -0.000137981 -0.001809032 0.000102164 0.999998331 0.000582972
0.999997973 -0.001329802 0.001495606 -0.000801412 0.001330202 0.999999106 -0.000266071 0.000078457 -0.001495250 0.000268060 0.999998868 0.000596675
0.999998271 -0.000922616 0.001629510 -0.000849755 0.000923389 0.999999464 -0.000473782 0.000052545 -0.001629072 0.000475285 0.999998569 0.000654774
0.999998868 -0.001445572 0.000483166 -0.000526720 0.001445804 0.999998868 -0.000479267 0.000148724 -0.000482472 0.000479965 0.999999762 0.000403749
0.999997795 -0.001681869 0.001245082 -0.000887304 0.001682898 0.999998271 -0.000825879 0.000132003 -0.001243690 0.000827973 0.999998868 0.000866925
0.999996662 -0.002186844 0.001371519 -0.000921154 0.002187749 0.999997377 -0.000658426 0.000207365 -0.001370076 0.000661425 0.999998868 0.000723318
0.999999523 -0.000026092 0.000987884 -0.000453263 0.000026374 0.999999940 -0.000285413 -0.000044658 -0.000987876 0.000285438 0.999999464 0.000460771
0.999999642 -0.000106302 0.000873000 -0.000420510 0.000106221 1.000000000 0.000092409 -0.000138688 -0.000873009 -0.000092316 0.999999642 0.000322710
0.999997139 -0.002262229 0.000753864 -0.000721574 0.002262121 0.999997437 0.000143680 -0.000055534 -0.000754188 -0.000141974 0.999999702 0.000610060
0.999998093 -0.000376753 0.001916554 -0.000747010 0.000377283 0.999999881 -0.000276589 -0.000018826 -0.001916449 0.000277312 0.999998152 0.000673918
0.999998093 -0.001425142 0.001350923 -0.000697424 0.001426063 0.999998748 -0.000681586 0.000098575 -0.001349950 0.000683511 0.999998868 0.000654209
0.999998748 -0.000701596 0.001412454 -0.000496198 0.000702115 0.999999702 -0.000367132 0.000019053 -0.001412196 0.000368124 0.999998927 0.000418194
0.999998391 -0.000476656 0.001726858 -0.000484934 0.000477122 0.999999821 -0.000269788 -0.000056631 -0.001726729 0.000270612 0.999998450 0.000409914
0.999998152 0.000069288 0.001909591 -0.000738300 -0.000068682 0.999999940 -0.000317463 -0.000060848 -0.001909613 0.000317331 0.999998152 0.000560960
0.999995708 -0.001572813 0.002473469 -0.001148195 0.001574576 0.999998510 -0.000710789 0.000084854 -0.002472348 0.000714681 0.999996662 0.000541100
0.999998868 -0.001516420 -0.000151968 -0.000007694 0.001516409 0.999998868 -0.000072353 0.000075858 0.000152077 0.000072122 1.000000000 0.000488616
0.999996901 -0.001894086 0.001614870 -0.000818384 0.001895155 0.999997973 -0.000660603 0.000161216 -0.001613615 0.000663661 0.999998450 0.000742940
0.999998868 -0.000438683 0.001426594 -0.000706704 0.000438472 0.999999881 0.000147982 -0.000050477 -0.001426659 -0.000147357 0.999998987 0.000368369
0.999997973 -0.001757218 0.000971052 -0.000294907 0.001757332 0.999998450 -0.000116336 0.000123617 -0.000970846 0.000118042 0.999999523 0.000295615
0.999997258 -0.001448416 0.001849508 -0.000909578 0.001448859 0.999998927 -0.000238494 0.000047906 -0.001849161 0.000241173 0.999998271 0.000437220
0.999997795 -0.001501742 0.001456941 -0.000517153 0.001501251 0.999998808 0.000338389 0.000075510 -0.001457447 -0.000336201 0.999998868 0.000217416
0.999997258 -0.001469663 0.001812357 -0.000674044 0.001469363 0.999998927 0.000167031 0.000115359 -0.001812600 -0.000164367 0.999998331 0.000281931
0.999992609 -0.003506460 0.001563459 -0.001041200 0.003507110 0.999993742 -0.000413577 0.000374091 -0.001561999 0.000419058 0.999998689 0.000608796
0.999995053 -0.002852971 0.001340932 -0.000664208 0.002852381 0.999995828 0.000441647 0.000236956 -0.001342186 -0.000437820 0.999998987 0.000418851
0.999994338 -0.002717317 0.001980902 -0.001206454 0.002718681 0.999996066 -0.000686727 0.000358796 -0.001979029 0.000692108 0.999997795 0.000778625
0.999992490 -0.003877662 0.000123749 -0.000736125 0.003877668 0.999992490 -0.000049185 0.000279303 -0.000123557 0.000049664 1.000000000 0.000640805
0.999993324 -0.003212521 0.001756015 -0.000818872 0.003212937 0.999994814 -0.000234026 0.000391895 -0.001755254 0.000239666 0.999998450 0.000611383
0.999995112 -0.002725391 0.001512947 -0.000855740 0.002725232 0.999996305 0.000107297 0.000302214 -0.001513234 -0.000103173 0.999998868 0.000462904
0.999991000 -0.003933432 0.001582515 -0.001115036 0.003933791 0.999992251 -0.000223614 0.000409628 -0.001581624 0.000229837 0.999998748 0.000733244
0.999995470 -0.002811489 0.001063521 -0.000641587 0.002811517 0.999996066 -0.000024963 0.000333970 -0.001063446 0.000027953 0.999999464 0.000561023
0.999991357 -0.003624921 0.002036876 -0.001123039 0.003626199 0.999993205 -0.000624396 0.000550919 -0.002034598 0.000631776 0.999997735 0.000711657
0.999995589 -0.002490756 0.001618123 -0.000931336 0.002491046 0.999996901 -0.000177251 0.000304401 -0.001617676 0.000181281 0.999998689 0.000717998
0.999992430 -0.003459376 0.001792124 -0.000948412 0.003459411 0.999994040 -0.000016821 0.000327164 -0.001792055 0.000023021 0.999998391 0.000642131
0.999997318 -0.001745459 0.001511181 -0.000616767 0.001744595 0.999998331 0.000572979 0.000114359 -0.001512178 -0.000570341 0.999998689 0.000439632
0.999992669 -0.003417633 0.001713140 -0.000823311 0.003417983 0.999994159 -0.000201507 0.000407527 -0.001712442 0.000207361 0.999998510 0.000594565
0.999987602 -0.004669430 0.001725891 -0.000969347 0.004670165 0.999989033 -0.000421750 0.000528605 -0.001723902 0.000429805 0.999998450 0.000653541
0.999989331 -0.004443678 0.001264656 -0.000767058 0.004443860 0.999990106 -0.000141357 0.000575331 -0.001264015 0.000146975 0.999999166 0.000506809
0.999996185 -0.002418774 0.001344704 -0.000663914 0.002418049 0.999996960 0.000540238 0.000144323 -0.001346007 -0.000536984 0.999998927 0.000491088
0.999992132 -0.003863574 0.000865419 -0.000633244 0.003863717 0.999992549 -0.000163540 0.000446685 -0.000864781 0.000166883 0.999999583 0.000535141
0.999996006 -0.002779321 0.000490416 -0.000352742 0.002779302 0.999996126 0.000039955 0.000277586 -0.000490526 -0.000038592 0.999999881 0.000594527
0.999993026 -0.003446742 0.001432318 -0.000843878 0.003446823 0.999994040 -0.000054336 0.000275996 -0.001432122 0.000059272 0.999998987 0.000869369
0.999994695 -0.002988718 0.001304978 -0.000806183 0.002988736 0.999995530 -0.000011419 0.000283334 -0.001304938 0.000015320 0.999999166 0.000879459
0.999993026 -0.003369022 0.001611912 -0.000916516 0.003369815 0.999994218 -0.000489501 0.000406118 -0.001610253 0.000494929 0.999998569 0.000721356
0.999989450 -0.004472701 0.001027909 -0.000669280 0.004472752 0.999989986 -0.000047331 0.000429206 -0.001027687 0.000051928 0.999999464 0.000644567
0.999998331 -0.001673410 0.000763230 -0.000446417 0.001673400 0.999998629 0.000014164 0.000156507 -0.000763253 -0.000012887 0.999999702 0.000496944
0.999996543 -0.001953619 0.001744319 -0.000605727 0.001952854 0.999997973 0.000440295 0.000194704 -0.001745175 -0.000436887 0.999998391 0.000458695
0.999993384 -0.002886047 0.002214399 -0.001200798 0.002886402 0.999995828 -0.000157281 0.000325257 -0.002213936 0.000163671 0.999997556 0.000776192
0.999993742 -0.003440614 0.000854730 -0.000514796 0.003440652 0.999994099 -0.000043808 0.000379139 -0.000854574 0.000046748 0.999999642 0.000551357
0.999996245 -0.002049904 0.001806905 -0.000728827 0.002049624 0.999997914 0.000157101 0.000181402 -0.001807223 -0.000153397 0.999998331 0.000494265
0.999991000 -0.004180741 0.000759098 -0.000776521 0.004181401 0.999990880 -0.000869815 0.000496583 -0.000755454 0.000872981 0.999999344 0.000788958
0.999988854 -0.004436369 0.001617700 -0.001054174 0.004437134 0.999990046 -0.000469663 0.000485218 -0.001615600 0.000476835 0.999998569 0.000682529
0.999994457 -0.003203664 0.000884154 -0.000544933 0.003203318 0.999994814 0.000392423 0.000266204 -0.000885406 -0.000389589 0.999999523 0.000494100
0.999994338 -0.003109460 0.001280219 -0.000753399 0.003109257 0.999995172 0.000161306 0.000278936 -0.001280715 -0.000157324 0.999999166 0.000674781
0.999995232 -0.002804273 0.001299036 -0.000602418 0.002804258 0.999996066 0.000012784 0.000278661 -0.001299066 -0.000009141 0.999999166 0.000496137
0.999993026 -0.003399779 0.001541304 -0.000821791 0.003399938 0.999994218 -0.000100526 0.000368944 -0.001540954 0.000105766 0.999998808 0.000432927
0.999994457 -0.003270361 0.000620896 -0.000554634 0.003270305 0.999994636 0.000091842 0.000294121 -0.000621193 -0.000089811 0.999999821 0.000682696
0.999996722 -0.002125697 0.001407624 -0.000735481 0.002126228 0.999997675 -0.000375858 0.000258765 -0.001406821 0.000378850 0.999998927 0.000525643
0.999996066 -0.002465854 0.001356267 -0.000747156 0.002465485 0.999996901 0.000273426 0.000177592 -0.001356937 -0.000270081 0.999999046 0.000556248
0.999994457 -0.003286327 0.000567360 -0.000365095 0.003286521 0.999994516 -0.000341941 0.000377882 -0.000566233 0.000343804 0.999999762 0.000546858
0.999990523 -0.004219049 0.001075669 -0.000763720 0.004219224 0.999991059 -0.000160626 0.000422530 -0.001074982 0.000165163 0.999999404 0.000652264
0.999989271 -0.004303699 0.001700090 -0.001380427 0.004305001 0.999990463 -0.000763176 0.000556528 -0.001696789 0.000770487 0.999998271 0.001004228
0.999993682 -0.003210207 0.001517588 -0.001011947 0.003210418 0.999994814 -0.000136604 0.000336177 -0.001517141 0.000141476 0.999998868 0.000866838
0.999991775 -0.003880395 0.001194287 -0.000905366 0.003880718 0.999992430 -0.000268330 0.000380324 -0.001193237 0.000272963 0.999999225 0.000832376
0.999993801 -0.003366542 0.001046768 -0.000604666 0.003367434 0.999993980 -0.000851855 0.000480751 -0.001043894 0.000855375 0.999999106 0.000594702
0.999994993 -0.003147691 0.000349366 -0.000431579 0.003147866 0.999994934 -0.000501822 0.000386768 -0.000347785 0.000502919 0.999999821 0.000630686
0.999996483 -0.002338239 0.001265220 -0.000885295 0.002338198 0.999997258 0.000033724 0.000269507 -0.001265296 -0.000030765 0.999999225 0.000611052
0.999991119 -0.004110426 0.000962115 -0.000686786 0.004110379 0.999991536 0.000051224 0.000497339 -0.000962318 -0.000047269 0.999999523 0.000652879
0.999496102 0.000966197 -0.031727046 -0.001303104 -0.000823008 0.999989390 0.004525908 0.000083098 0.031731084 -0.004497516 0.999486327 -0.000145308
0.998097777 -0.000373093 -0.061649777 -0.001224087 0.000773381 0.999978781 0.006469203 -0.000315927 0.061646055 -0.006504576 0.998076856 -0.001137617
0.996995449 0.000144012 -0.077460021 -0.000724102 0.000239852 0.999987721 0.004946313 -0.000037226 0.077459782 -0.004950031 0.996983171 -0.000405224
0.996741116 -0.000485277 -0.080665268 -0.000640162 0.000864449 0.999988735 0.004665702 0.000134237 0.080662094 -0.004720228 0.996730328 0.001681904
0.996756196 -0.000052928 -0.080480039 -0.000738879 0.000465611 0.999986827 0.005109013 0.000071936 0.080478713 -0.005129913 0.996743143 0.004925715
0.998676896 -0.000584597 -0.051420551 -0.000353179 0.000971509 0.999971390 0.007499777 0.000194232 0.051414698 -0.007539809 0.998648942 0.009894271
0.999181449 -0.000020060 -0.040452618 -0.000398545 0.000368357 0.999962926 0.008602552 0.000077519 0.040450945 -0.008610412 0.999144435 0.012616686
0.997666597 0.003878689 -0.068163805 -0.000426890 -0.005042676 0.999844253 -0.016912559 -0.000264184 0.068087585 0.017216824 0.997530758 0.010681073
0.993517101 0.008249347 -0.113382943 -0.001609415 -0.012898364 0.999103129 -0.040330559 0.000398605 0.112948552 0.041531555 0.992732465 0.008265418
0.983923912 0.023827923 -0.176991582 -0.000285195 -0.030985156 0.998805404 -0.037784718 -0.000029692 0.175879821 0.042661399 0.983486831 0.003851760
0.971521437 0.028894421 -0.235183239 0.001705681 -0.036335431 0.998964846 -0.027366497 0.000133000 0.234149054 0.035132624 0.971565723 -0.001996848
0.957360148 0.044781409 -0.285405338 0.004027971 -0.050694250 0.998624861 -0.013359326 -0.000294987 0.284414619 0.027258094 0.958313823 -0.007092681
0.944783390 0.063826881 -0.321419388 0.005159589 -0.068408355 0.997653008 -0.002968089 -0.000598155 0.320475578 0.024791973 0.946932316 -0.010853244
0.935692072 0.085389487 -0.342328727 0.006411215 -0.089962512 0.995941937 0.002529051 -0.000777510 0.341155499 0.028430339 0.939576864 -0.013645131
0.918229461 0.131758630 -0.373489380 0.009545851 -0.134424746 0.990741134 0.019025806 -0.001550568 0.372538090 0.032736149 0.927439332 -0.016505869
0.915542245 0.152237684 -0.372298419 0.009615595 -0.152460545 0.987883031 0.029033042 -0.002385724 0.372207195 0.030179832 0.927658856 -0.016410926
0.918023288 0.160755187 -0.362479001 0.009868798 -0.153836787 0.986925840 0.048079204 -0.004598720 0.365468889 0.011624773 0.930750966 -0.015496108
0.921105385 0.164093345 -0.353041381 0.009991078 -0.149641439 0.986395597 0.068052687 -0.008214464 0.359405458 -0.009854089 0.933129489 -0.015179216
0.922668815 0.157352537 -0.352026254 0.010935098 -0.137820676 0.987217367 0.080046080 -0.012688774 0.360121906 -0.025339527 0.932561040 -0.015661784
0.920337915 0.157034218 -0.358215630 0.013711223 -0.132422432 0.986876905 0.092402630 -0.017609773 0.368025124 -0.037605859 0.929055095 -0.017393887
0.917452872 0.153313085 -0.367117584 0.014921695 -0.125573069 0.987187743 0.098446473 -0.021872325 0.377507120 -0.044219922 0.924950242 -0.018858217
0.918477535 0.148450509 -0.366553515 0.018996663 -0.118112803 0.987540364 0.103987336 -0.032846026 0.377423376 -0.052215375 0.924567580 -0.019708093
0.921016514 0.147233546 -0.360625684 0.020995148 -0.115935467 0.987469614 0.107064389 -0.038882427 0.371870369 -0.056798775 0.926545382 -0.019966282
0.922773361 0.140338868 -0.358879298 0.021666460 -0.107133836 0.988040090 0.110901311 -0.044384688 0.370150894 -0.063888662 0.926772118 -0.021464122
0.922316968 0.136718825 -0.361440659 0.023697883 -0.098697945 0.987643719 0.121731460 -0.053034887 0.373617589 -0.076601543 0.924414456 -0.022053838
0.922421753 0.133842051 -0.362249106 0.029022681 -0.097069457 0.988262236 0.117963195 -0.063783705 0.373785526 -0.073648490 0.924586535 -0.025317257
0.923681676 0.133262277 -0.359239966 0.031074584 -0.097314455 0.988418281 0.116443865 -0.069433048 0.370596915 -0.072597831 0.925952196 -0.026945008
0.925175726 0.132920355 -0.355502516 0.034260895 -0.098006710 0.988569617 0.114563465 -0.074447580 0.366666794 -0.071149707 0.927627742 -0.027345108
0.927303433 0.133246228 -0.349791020 0.037333015 -0.098224886 0.988368213 0.116103798 -0.081062570 0.361192733 -0.073305272 0.929605365 -0.028929153
0.929179311 0.120242648 -0.349524796 0.041791603 -0.086114354 0.990009010 0.111653417 -0.089861818 0.359458208 -0.073646940 0.930250466 -0.032225687
0.931577265 0.129165888 -0.339823484 0.046753425 -0.092623852 0.988234520 0.121709995 -0.096812136 0.351546079 -0.081906505 0.932580650 -0.035244476
0.931137741 0.126526371 -0.342014045 0.049218811 -0.086966440 0.987864435 0.128688201 -0.102234155 0.354145974 -0.090082705 0.930841446 -0.036932684
0.932679951 0.120863751 -0.339853019 0.051192392 -0.080685586 0.988223433 0.130016655 -0.106072158 0.351565003 -0.093842685 0.931448102 -0.038614258
0.935201287 0.117209814 -0.334156334 0.055007212 -0.078903876 0.988882720 0.126036093 -0.112074986 0.345214099 -0.091502883 0.934052706 -0.039948307
0.940945685 0.122242674 -0.315718144 0.057578672 -0.082197018 0.987123072 0.137228817 -0.117256969 0.328427851 -0.103173770 0.938877165 -0.040025480
0.943326712 0.127630055 -0.306341767 0.058636956 -0.088597223 0.986439645 0.138156861 -0.118553616 0.319820642 -0.103186034 0.941842556 -0.040204052
0.942654908 0.129928946 -0.307441473 0.061772604 -0.090114385 0.985986948 0.140389264 -0.122592546 0.321373880 -0.104633726 0.941153884 -0.042352259
0.942936540 0.121924810 -0.309846759 0.064124614 -0.082740270 0.987158120 0.136648953 -0.126657769 0.322528630 -0.103214487 0.940915525 -0.043814283
0.944278002 0.118490443 -0.307081640 0.065663472 -0.081147671 0.987964511 0.131686136 -0.129771337 0.318989277 -0.099429362 0.942528307 -0.043193359
0.947981358 0.107284218 -0.299702227 0.067631647 -0.072360933 0.989474237 0.125318244 -0.133465320 0.309992313 -0.097112626 0.945766330 -0.042102676
0.947049141 0.101002283 -0.304789215 0.069691554 -0.065652408 0.990094841 0.124104731 -0.137793213 0.314305067 -0.097523130 0.944299519 -0.042157914
0.952949584 0.088400967 -0.289952397 0.070800237 -0.056641858 0.991613388 0.116166458 -0.141364947 0.297789901 -0.094277330 0.949964702 -0.039519586
0.949322820 0.081062458 -0.303669333 0.073189780 -0.046115845 0.991636217 0.120544441 -0.144673243 0.310901135 -0.100431621 0.945121169 -0.041289575
0.948652148 0.075266793 -0.307236105 0.074373528 -0.039120935 0.991738796 0.122162849 -0.146861017 0.313892752 -0.103870682 0.943759620 -0.042106237
0.947409272 0.066424251 -0.313055068 0.076841339 -0.031208951 0.992736459 0.116190813 -0.150035173 0.318499058 -0.100310132 0.942600787 -0.044354863
0.947002530 0.057139095 -0.316103429 0.078615390 -0.022987433 0.993584216 0.110733859 -0.154437631 0.320402592 -0.097598836 0.942240238 -0.045237571
0.948690176 0.049638700 -0.312286735 0.080668747 -0.019137854 0.994804561 0.099987961 -0.158267349 0.315627545 -0.088881098 0.944711268 -0.044794820
0.948631406 0.043331496 -0.313402086 0.081969514 -0.013601101 0.995246291 0.096435480 -0.160596862 0.316090971 -0.087219104 0.944711268 -0.044567555
0.950637639 0.034251485 -0.308407009 0.084842436 -0.007482187 0.996130586 0.087566443 -0.164961889 0.310212940 -0.080936402 0.947215497 -0.042758804
0.953597248 0.022876199 -0.300214857 0.088298060 0.000954014 0.996874809 0.078991614 -0.169800282 0.301083654 -0.075612597 0.950595260 -0.041596141
0.955612659 0.009956867 -0.294457614 0.092058867 0.011310079 0.997452378 0.070433088 -0.174336851 0.294408739 -0.070637085 0.953065515 -0.040516585
0.959234953 0.001002670 -0.282607943 0.095003694 0.016971139 0.997984648 0.061144643 -0.178979278 0.282099694 -0.063448258 0.957284749 -0.038069330
0.964363694 -0.005727108 -0.264518261 0.098214574 0.019391775 0.998606741 0.049076375 -0.181620374 0.263868660 -0.052456949 0.963131130 -0.034445699
0.969495714 -0.010992592 -0.244861722 0.100198023 0.022186890 0.998828471 0.043005418 -0.184253737 0.244102120 -0.047126286 0.968603790 -0.031081203
0.970132947 -0.013065737 -0.242221653 0.102246426 0.023755893 0.998865783 0.041265752 -0.186804652 0.241407752 -0.045787457 0.969342947 -0.030243136
0.971883714 -0.015082708 -0.234977901 0.104036301 0.024622703 0.998984993 0.037718464 -0.188936830 0.234170496 -0.042443752 0.971268594 -0.029610159
0.972692251 -0.018063257 -0.231394693 0.105853669 0.026527345 0.999085963 0.033519339 -0.190620065 0.230577722 -0.038742289 0.972282350 -0.029324507
0.974036396 -0.022747219 -0.225245699 0.106757157 0.030990267 0.998970568 0.033127587 -0.192923486 0.224260256 -0.039247900 0.973738670 -0.028704457
0.975663662 -0.021600854 -0.218205839 0.108115114 0.030005436 0.998927057 0.035276491 -0.194645628 0.217209727 -0.040965352 0.975264966 -0.028293800
0.976418972 -0.022598660 -0.214698240 0.109360933 0.031004252 0.998875618 0.035863772 -0.196165890 0.213646352 -0.041674625 0.976021767 -0.027898353
0.977540314 -0.020831814 -0.209716529 0.110291369 0.029069217 0.998919070 0.036272936 -0.196755409 0.208734199 -0.041554552 0.977089167 -0.027688583
0.978562236 -0.019652937 -0.205011562 0.111299530 0.027814636 0.998927891 0.037005153 -0.197817191 0.204064518 -0.041914169 0.978059769 -0.027059728
0.979423642 -0.018757494 -0.200941414 0.112754017 0.026843306 0.998932600 0.037590541 -0.198093101 0.200021833 -0.042210996 0.978881776 -0.025915530
0.979628503 -0.021334091 -0.199681982 0.114582233 0.029876584 0.998758316 0.039865155 -0.200246438 0.198583543 -0.045018859 0.979049504 -0.025757978
0.980659485 -0.029008560 -0.193559974 0.117122740 0.036835264 0.998637676 0.036959141 -0.202401072 0.192224145 -0.043374166 0.980392039 -0.024701100
0.981445551 -0.034499880 -0.188611895 0.119606361 0.041965704 0.998479843 0.035732724 -0.204359859 0.187092409 -0.042984951 0.981401384 -0.023798188
0.982184827 -0.042560019 -0.183034450 0.122569181 0.049574878 0.998194277 0.033919979 -0.207060665 0.181260303 -0.042389598 0.982521176 -0.022863401
0.982488632 -0.046235338 -0.180494726 0.124389246 0.053236302 0.997998357 0.034135468 -0.209183022 0.178555176 -0.043146580 0.982983410 -0.022576157
0.982478261 -0.053973123 -0.178390965 0.126240000 0.060803492 0.997602701 0.033041894 -0.211294830 0.176179945 -0.043309737 0.983404756 -0.022603819
0.982805848 -0.057406493 -0.175491363 0.127979577 0.064057864 0.997417808 0.032469887 -0.212756559 0.173174217 -0.043153197 0.983945370 -0.022310574
0.984476626 -0.059170909 -0.165241003 0.129344597 0.064946912 0.997444570 0.029768731 -0.213539302 0.163057312 -0.040038511 0.985803843 -0.020515040
0.984845519 -0.061376616 -0.162210450 0.131053418 0.066804081 0.997367144 0.028214457 -0.214827985 0.160051659 -0.038623199 0.986352742 -0.019526388
0.985574782 -0.062651850 -0.157216802 0.132082775 0.067659609 0.997351110 0.026700120 -0.215892494 0.155127540 -0.036952194 0.987203121 -0.018929984
0.986425698 -0.064437471 -0.151036754 0.133392155 0.069151819 0.997262955 0.026166029 -0.217345685 0.148937285 -0.036255311 0.988181770 -0.017589679
0.987010598 -0.069074884 -0.145047426 0.135849595 0.073377199 0.997002840 0.024517633 -0.219234839 0.142919138 -0.034842335 0.989120901 -0.016522037
0.988909841 -0.071292721 -0.130286902 0.137910977 0.074263908 0.997074664 0.018084306 -0.219940290 0.128616497 -0.027559364 0.991311371 -0.013914133
0.991489232 -0.074085720 -0.107053079 0.141049176 0.075682551 0.997072101 0.010925680 -0.221368641 0.105930202 -0.018934743 0.994193256 -0.009539985
0.994390845 -0.074995048 -0.074582860 0.144533798 0.075327508 0.997157454 0.001650681 -0.222552121 0.074247062 -0.007259563 0.997213483 -0.003787631
0.996266961 -0.077385634 -0.038256820 0.149441883 0.077212863 0.996996701 -0.005975430 -0.223746732 0.038604338 0.002999205 0.999250054 0.002757808
0.996080160 -0.084672302 -0.025590960 0.153919160 0.084566221 0.996404290 -0.005201312 -0.225465313 0.025939349 0.003016793 0.999658942 0.006288876
0.995172858 -0.098071963 -0.003582055 0.161956966 0.098033451 0.995135963 -0.009689684 -0.228107199 0.004514918 0.009291749 0.999946654 0.011465572
0.994128585 -0.107427225 0.012953702 0.167784452 0.107585125 0.994121253 -0.012178674 -0.230823740 -0.011569231 0.013500794 0.999841928 0.015112733
0.993052661 -0.110947631 0.039204981 0.173984885 0.111643322 0.993619263 -0.016018212 -0.232693985 -0.037177641 0.020283902 0.999102771 0.019272456
0.990898073 -0.120437451 0.060131688 0.181423798 0.121735230 0.992392182 -0.018393280 -0.234943241 -0.057458978 0.025546009 0.998020947 0.023660140
0.988158405 -0.131797969 0.078564018 0.188988969 0.133718073 0.990823984 -0.019678827 -0.238193214 -0.075249486 0.029951226 0.996714830 0.027585570
0.984238029 -0.141014963 0.106725365 0.196094662 0.144329965 0.989239395 -0.023963140 -0.240855560 -0.102197781 0.038989101 0.993999720 0.033373952
0.978917003 -0.142711371 0.146133289 0.204474255 0.149067789 0.988260865 -0.033455316 -0.242566541 -0.139643356 0.054533739 0.988699019 0.040090732
0.971153438 -0.145910159 0.188603416 0.213585138 0.155809850 0.987028956 -0.038693413 -0.245753482 -0.180511266 0.066963509 0.981290758 0.046744555
0.958886266 -0.143888235 0.244608477 0.223969445 0.160122767 0.985942721 -0.047725137 -0.247152627 -0.234302863 0.084930360 0.968446672 0.056189764
0.944806993 -0.138177529 0.297063559 0.235113025 0.160842702 0.985548675 -0.053135518 -0.247305527 -0.285428494 0.097983316 0.953378141 0.066636652
0.926503837 -0.125903234 0.354596943 0.247325033 0.156209439 0.986016393 -0.058054656 -0.246646374 -0.342329144 0.109179251 0.933215261 0.079844825
0.896395802 -0.101071775 0.431577355 0.259741664 0.141433418 0.987980187 -0.062383749 -0.243152574 -0.420084655 0.116959982 0.899916232 0.094285995
0.868652940 -0.079813577 0.488949686 0.274080932 0.127076462 0.989813864 -0.064188123 -0.240350097 -0.478846103 0.117891200 0.869947195 0.106412768
0.843232632 -0.066314958 0.533442616 0.284333289 0.117609583 0.991078317 -0.062703893 -0.237165347 -0.524525166 0.115611933 0.843508840 0.116443880
0.820155382 -0.058816381 0.569109678 0.296210110 0.114917591 0.991365433 -0.063154355 -0.235527083 -0.560481191 0.117197089 0.819832742 0.124426603
0.795788288 -0.060368922 0.602558315 0.308134109 0.118145108 0.991375744 -0.056708552 -0.235500500 -0.593938291 0.116317324 0.796057522 0.130861744
0.768629253 -0.062425084 0.636641383 0.320305794 0.120805927 0.991484165 -0.048632551 -0.235150382 -0.628183901 0.114290446 0.769625008 0.138280898
0.740189016 -0.063962437 0.669349730 0.333017677 0.122345865 0.991659522 -0.040532026 -0.234777451 -0.661174536 0.111893527 0.741841078 0.144458205
0.704354882 -0.062568285 0.707085252 0.346968740 0.120412514 0.992203236 -0.032149859 -0.234384716 -0.699560702 0.107786812 0.706397176 0.151527956
0.673836708 -0.067772016 0.735765636 0.358350605 0.120934986 0.992472053 -0.019338492 -0.233701810 -0.728916228 0.102010787 0.676960111 0.156519383
0.647698045 -0.078591868 0.757832885 0.369374067 0.123437405 0.992348969 -0.002585794 -0.232896686 -0.751831472 0.095219724 0.652443647 0.161190346
0.617046118 -0.082898282 0.782548428 0.382410437 0.123332180 0.992334187 0.007873199 -0.230948985 -0.777202249 0.091655269 0.622539997 0.166670278
0.590172768 -0.088306092 0.802432716 0.393136173 0.126338273 0.991854429 0.016232358 -0.230457455 -0.797329843 0.091798060 0.596521854 0.170504734
0.559323907 -0.084684066 0.824612319 0.407230407 0.124280877 0.992091238 0.017585304 -0.230040625 -0.819579840 0.092647657 0.565424919 0.174102128
0.530651808 -0.096843027 0.842039347 0.420946896 0.132203355 0.990749180 0.030631827 -0.230721056 -0.837216258 0.095065579 0.538545787 0.175921172
0.501524448 -0.101612166 0.859155536 0.435213774 0.131449908 0.990498722 0.040413383 -0.229693592 -0.855098903 0.092667624 0.510116220 0.176635712
0.465402484 -0.102223523 0.879176259 0.452245444 0.128604129 0.990576982 0.047098160 -0.227883205 -0.875706255 0.091146097 0.474163353 0.177650630
0.423716187 -0.106440939 0.899519324 0.468632042 0.127847061 0.990157783 0.056944255 -0.226473957 -0.896727264 0.090872683 0.433154047 0.178119689
0.396070004 -0.116622210 0.910784185 0.485757709 0.132424250 0.988786936 0.069023199 -0.222752884 -0.908621132 0.093271889 0.407072425 0.178620368
0.381582737 -0.130432159 0.915085793 0.496555179 0.135810032 0.987161219 0.084073864 -0.219416350 -0.914303124 0.092196710 0.394397676 0.180593491
0.388626695 -0.138120711 0.910984099 0.503203988 0.131153107 0.986925542 0.093684681 -0.213435143 -0.912013292 0.083070017 0.401660621 0.183944613
0.386014760 -0.138497755 0.912036717 0.509061992 0.120652921 0.987752855 0.098929942 -0.205497071 -0.914568484 0.071851462 0.397997379 0.190667838
0.413848996 -0.136417925 0.900066316 0.509045124 0.110207431 0.988944173 0.099215455 -0.196256936 -0.903650105 0.058133759 0.424307823 0.198724389
0.429651737 -0.133286804 0.893103659 0.511143565 0.101382650 0.989913166 0.098961785 -0.187101573 -0.897285402 0.048026085 0.438830912 0.207936287
0.433500648 -0.119996935 0.893128276 0.513819098 0.087898001 0.991999209 0.090617478 -0.174645439 -0.896856308 0.039221436 0.440579832 0.218991816
0.420941114 -0.109670691 0.900433838 0.518022835 0.065494791 0.993747950 0.090418175 -0.161663249 -0.904720545 0.020912984 0.425492227 0.229419410
0.411318421 -0.113186009 0.904437006 0.522651732 0.050378930 0.993566394 0.101428896 -0.149037763 -0.910098493 0.003844980 0.414374352 0.238838732
0.411061525 -0.122955717 0.903277576 0.526878178 0.048405472 0.992408335 0.113060094 -0.138051108 -0.910321534 -0.002751077 0.413892627 0.246602774
0.393082023 -0.128153190 0.910529137 0.532504559 0.039734129 0.991682470 0.122421667 -0.127935916 -0.918644547 -0.011942670 0.394904613 0.252551764
0.382585645 -0.130639970 0.914637387 0.537510097 0.025314299 0.991063416 0.130967334 -0.117413744 -0.923573256 -0.026952825 0.382473707 0.257712156
0.370654047 -0.135971963 0.918764055 0.543999910 0.016666962 0.990039945 0.139796525 -0.108329974 -0.928621531 -0.036503159 0.369228542 0.261739314
0.357164800 -0.134398907 0.924321651 0.549268544 0.014748862 0.990281880 0.138290659 -0.100538492 -0.933925092 -0.035759881 0.355676055 0.265132666
0.335772276 -0.127749786 0.933240116 0.554862380 0.006722725 0.991060197 0.133245930 -0.092479914 -0.941919267 -0.038466375 0.333629370 0.269374043
0.333453536 -0.133795857 0.933224320 0.557043910 0.006053235 0.990161836 0.139796063 -0.086846590 -0.942747176 -0.040966474 0.330982864 0.272137821
0.329621613 -0.130917832 0.934992135 0.558041930 -0.006400585 0.990006387 0.140877411 -0.078055687 -0.944091558 -0.052420743 0.325489521 0.275993764
0.321838021 -0.130823150 0.937712967 0.559212446 -0.019260773 0.989298224 0.144630581 -0.070580080 -0.946598828 -0.064608708 0.315874040 0.278689504
0.320117235 -0.131743491 0.938173115 0.559943318 -0.023527211 0.988872886 0.146890849 -0.067175955 -0.947085857 -0.069094896 0.313455701 0.279596776
0.317914963 -0.133011103 0.938742876 0.560579360 -0.034723278 0.987812936 0.151723281 -0.059551340 -0.947483242 -0.080831327 0.309421897 0.282135099
0.314032793 -0.134821966 0.939790726 0.560252428 -0.039417323 0.987160861 0.154789060 -0.056281187 -0.948593616 -0.085652880 0.304686546 0.284973204
0.315197647 -0.136910588 0.939098537 0.559260011 -0.047869440 0.985985935 0.159813136 -0.049913883 -0.947818100 -0.095326863 0.304226637 0.287629813
0.314756155 -0.136225253 0.939346313 0.559446454 -0.051303420 0.985759079 0.160146877 -0.045675851 -0.947785199 -0.098598905 0.303284943 0.289722085
0.312396348 -0.135524213 0.940235078 0.559556782 -0.057380624 0.985271752 0.161080688 -0.040089592 -0.948217392 -0.104272299 0.300018847 0.291714221
0.309058905 -0.136077940 0.941257477 0.559958220 -0.059791677 0.984972656 0.162030295 -0.035693191 -0.949161649 -0.106356271 0.296278238 0.293771893
0.307951450 -0.137347266 0.941435993 0.559870780 -0.063488752 0.984352410 0.164376110 -0.031645976 -0.949281394 -0.110390462 0.294412792 0.295055151
0.305486798 -0.133360222 0.942811251 0.560463846 -0.069410481 0.984390676 0.161731824 -0.029716425 -0.949663222 -0.114847928 0.291461766 0.296026140
0.304938674 -0.130414605 0.943400443 0.560516596 -0.071683794 0.984626830 0.159284294 -0.025841327 -0.949670315 -0.116198458 0.290902197 0.297527403
0.302073300 -0.124917023 0.945064843 0.560304999 -0.080512784 0.984491944 0.155862927 -0.023591340 -0.949878633 -0.123171829 0.287331343 0.297565401
0.300787330 -0.126897797 0.945211172 0.560592949 -0.075406514 0.984840572 0.156214252 -0.024463359 -0.950705528 -0.118262358 0.286658645 0.297448128
0.301620781 -0.130788833 0.944414735 0.560931861 -0.077367932 0.983922303 0.160969347 -0.024067078 -0.950283706 -0.121619113 0.286652565 0.296992362
0.300041258 -0.128463924 0.945236683 0.561592102 -0.086204916 0.983184934 0.160984918 -0.022145666 -0.950023234 -0.129786164 0.283921778 0.297303945
0.300354064 -0.129700556 0.944968462 0.561775327 -0.094665989 0.981766760 0.164840475 -0.018794045 -0.949118555 -0.138966888 0.282599449 0.297109634
0.304107606 -0.133538812 0.943231702 0.560733080 -0.099878013 0.980200052 0.170974359 -0.017597282 -0.947387516 -0.146202728 0.284748733 0.297498912
0.304393530 -0.131450012 0.943432927 0.560516059 -0.112244494 0.978582323 0.172562554 -0.015415626 -0.945910156 -0.158422083 0.283119619 0.297789752
0.305100501 -0.133296728 0.942945302 0.560358703 -0.114009969 0.977921844 0.175130308 -0.014549520 -0.945471048 -0.160937503 0.283167303 0.297324032
0.307317376 -0.135165632 0.941958845 0.560076535 -0.125062644 0.975538671 0.180786312 -0.011444207 -0.943353355 -0.173362643 0.282895803 0.296584219
0.307619750 -0.137941957 0.941457391 0.560068786 -0.122286737 0.975499034 0.182886705 -0.010454550 -0.943618536 -0.171387315 0.283214271 0.296870351
0.308512747 -0.139471084 0.940939844 0.559407234 -0.123838514 0.974884450 0.185106382 -0.009990435 -0.943124592 -0.173632264 0.283492386 0.295453519
0.307881892 -0.144882694 0.940328598 0.559236407 -0.117230855 0.975029290 0.188612953 -0.009765044 -0.944174707 -0.168306053 0.283209145 0.296603411
0.307197034 -0.144838840 0.940559328 0.559150875 -0.113482714 0.975722075 0.187318370 -0.009374699 -0.944855452 -0.164280877 0.283302188 0.296461821
0.303244472 -0.147250473 0.941467166 0.559031546 -0.100911260 0.977470875 0.185384989 -0.009313507 -0.947554767 -0.151221618 0.281553388 0.297478139
0.301646650 -0.150220767 0.941511095 0.559390068 -0.091735177 0.978354812 0.185489953 -0.009744642 -0.948996365 -0.142322123 0.281336963 0.296978056
0.298416913 -0.142931208 0.943672657 0.559074521 -0.073640674 0.982327759 0.172073349 -0.009225894 -0.951590478 -0.120842278 0.282617688 0.298592240
0.297118902 -0.141003206 0.944372118 0.559849799 -0.062957011 0.983991265 0.166726306 -0.009339187 -0.952762842 -0.108992398 0.283485234 0.298264474
0.287062585 -0.136045054 0.948201895 0.558410347 -0.036243502 0.987612128 0.152672008 -0.009237979 -0.957225978 -0.078192584 0.278575718 0.300907910
0.280797601 -0.121059991 0.952101469 0.558446050 -0.026358642 0.990666211 0.133737311 -0.008893944 -0.959405005 -0.062649220 0.274985731 0.301263571
0.275224209 -0.106496304 0.955463350 0.557955027 -0.017393898 0.993131280 0.115705155 -0.009086261 -0.961222708 -0.048464093 0.271481395 0.302113742
0.261035204 -0.079712473 0.962032497 0.558576941 0.013240167 0.996786714 0.078999601 -0.008324113 -0.965238512 -0.007884204 0.261251807 0.301547557
0.261908948 -0.061381631 0.963138759 0.558434188 0.025146846 0.998070538 0.056769621 -0.008649994 -0.964765012 0.009351422 0.262947142 0.300474018
0.261571169 -0.054585598 0.963639498 0.558069348 0.025183205 0.998445570 0.049721450 -0.008727737 -0.964855671 0.011261828 0.262539208 0.301259845
0.255300522 -0.045041036 0.965812147 0.558327138 0.024435075 0.998895884 0.040124800 -0.008845901 -0.966553032 0.013355804 0.256119192 0.301613450
0.253473043 -0.044468548 0.966319799 0.558908582 0.024178013 0.998921990 0.039626773 -0.008558225 -0.967040241 0.013319374 0.254274964 0.302226067
0.253456116 -0.050873064 0.966008246 0.558238804 0.023503575 0.998645246 0.046425089 -0.008353844 -0.967061341 0.010937927 0.254308403 0.301817179
0.253856957 -0.050309714 0.965932608 0.558301508 0.023841098 0.998668432 0.045749050 -0.008077653 -0.966948032 0.011415174 0.254718363 0.301822573
0.253978074 -0.050454371 0.965893149 0.558320820 0.023807008 0.998662055 0.045906123 -0.008274850 -0.966916978 0.011335878 0.254839420 0.301532745
0.254092872 -0.050493773 0.965860963 0.558396041 0.023632091 0.998662233 0.045991592 -0.008400943 -0.966891170 0.011139171 0.254946232 0.301768601
0.260561645 -0.069507368 0.962951958 0.559100270 0.024871545 0.997557282 0.065275334 -0.008913741 -0.965136826 0.006941847 0.261653960 0.302007705
0.270241380 -0.085697673 0.958971083 0.558505952 0.022474164 0.996320844 0.082702108 -0.009043878 -0.962530255 -0.000797460 0.271173120 0.301225752
0.297885239 -0.103970803 0.948922813 0.558767021 -0.009514662 0.993678272 0.111861371 -0.008858681 -0.954554319 -0.042350538 0.295012832 0.300316572
0.315118551 -0.126504496 0.940583229 0.557644427 -0.020750210 0.989921033 0.140092045 -0.008859232 -0.948825419 -0.063662902 0.309317529 0.299545914
0.364646375 -0.129537106 0.922091782 0.549775183 -0.027642837 0.988333702 0.149774417 -0.009980354 -0.930735767 -0.080103941 0.356811583 0.296301454
0.402033985 -0.126042634 0.906907976 0.543641388 -0.018617678 0.989149809 0.145725921 -0.011536647 -0.915435493 -0.075471304 0.395325243 0.294364691
0.435799718 -0.128348500 0.890845239 0.535976231 -0.000470027 0.989747465 0.142827764 -0.016418952 -0.900043547 -0.062663026 0.431271315 0.291709363
0.477017224 -0.151072234 0.865812719 0.523051560 0.040612828 0.987852871 0.149991006 -0.033349931 -0.877955079 -0.036385182 0.477358341 0.287588030
0.489590287 -0.157089964 0.857685328 0.516423106 0.053211574 0.987186909 0.150434300 -0.042604890 -0.870327413 -0.028012374 0.491676152 0.286122829
0.532885849 -0.167547941 0.829433799 0.499909967 0.084472939 0.985838115 0.144870788 -0.062381517 -0.841960251 -0.007134878 0.539492428 0.280904025
0.565540910 -0.169742376 0.807063222 0.488016069 0.099065691 0.985486448 0.137849301 -0.073594645 -0.818748713 0.001992844 0.574148536 0.275701135
0.623799205 -0.162003204 0.764610708 0.467654765 0.116861224 0.986618161 0.113701470 -0.094698712 -0.772798836 0.018426456 0.634383500 0.263763249
0.668640137 -0.157520071 0.726710320 0.448022395 0.138497978 0.986585021 0.086419083 -0.116613150 -0.730574250 0.042864643 0.681486547 0.250394762
0.686329246 -0.153768644 0.710849762 0.439373255 0.150816023 0.986239135 0.067726277 -0.126175746 -0.711482048 0.060724996 0.700075567 0.244274959
0.717397451 -0.146347061 0.681119263 0.420989811 0.180251420 0.983386874 0.021440981 -0.147404239 -0.672941566 0.107391015 0.731858492 0.229635745
0.730814099 -0.143149406 0.667397201 0.411134094 0.193591252 0.981081069 -0.001555396 -0.157438353 -0.654548049 0.130338952 0.744700372 0.222807735
0.785597444 -0.132006109 0.604492426 0.381615758 0.206197709 0.976984441 -0.054625139 -0.177150249 -0.583368838 0.167558312 0.794735849 0.200820908
0.812296152 -0.144488007 0.565064728 0.366793066 0.216044247 0.974451065 -0.061400797 -0.190956369 -0.541756272 0.171954617 0.822758675 0.181784391
0.847264171 -0.144321814 0.511189401 0.349876821 0.211320579 0.974526048 -0.075116977 -0.192695856 -0.487326384 0.171668768 0.856179237 0.175132722
0.884232402 -0.173608720 0.433581769 0.332300812 0.232968837 0.968558490 -0.087292403 -0.202891827 -0.404794574 0.178197801 0.896876216 0.155111909
0.909792662 -0.182345301 0.372863919 0.314142346 0.235052034 0.966746867 -0.100752234 -0.207928523 -0.342093349 0.179306060 0.922399879 0.138795197
0.936115980 -0.171654239 0.306955576 0.294975668 0.213965118 0.970660150 -0.109717026 -0.207961515 -0.279116154 0.168385640 0.945378482 0.123567291
